42.402769 42.356813 42.33221 42.339216 42.64715 42.457907 42.347358 42.534761 42.357551 42.387339
24.762106 28.859841 29.293972 28.544943 27.43737 27.430858 28.803607 27.231248 29.299922 26.88045
18.739604 18.348621 18.586908 19.330614 19.470723 19.563914 19.12818 18.752354 19.306209 18.627785
19.508942 20.000483 19.665078 19.939685 19.857203 18.707289 18.363768 18.77541 19.884681 20.248733
20.208167 20.179632 20.002433 20.145139 20.183703 19.956369 20.022881 20.007402 20.171095 20.226106
18.283439 18.814107 18.989677 18.58793 18.613375 18.892186 18.680813 19.043754 19.209194 18.883288
17.280389 17.430345 17.149567 17.202748 17.556112 17.875524 17.453779 17.33711 18.750656 17.751234
17.526634 16.366057 18.237646 20.409191 17.620408 16.291092 16.31221 17.122136 19.106854 17.491919
18.299773 18.492023 17.956255 18.314118 18.491422 17.893122 17.942137 17.859206 17.907339 17.998386
17.391634 17.564219 19.21099 17.50999 17.608035 17.572027 17.646213 17.49526 17.616956 17.800538
17.146867 17.019989 17.25412 17.083877 17.101159 17.201162 17.214401 17.277964 16.90179 17.434387
16.667168 16.586466 16.55257 16.522446 16.512612 16.52757 16.718568 16.666314 17.108938 16.683385
16.162008 15.877082 15.987121 16.217315 16.224009 15.982936 15.82362 16.084372 16.08263 16.014696
15.88787 15.775531 15.624195 15.637773 15.555386 15.582751 15.700033 15.609225 15.722875 15.754333
15.446655 15.432894 14.503643 15.446453 15.340254 15.276376 15.337749 15.360272 15.414319 15.417046
15.030915 15.016797 15.102467 15.133984 15.21329 15.181723 14.943181 15.106521 15.191391 15.082118
16.440799 16.452418 16.517106 16.397896 16.388029 16.654435 16.446504 16.517467 16.410859 16.515304
16.385447 16.763906 16.012034 16.736134 16.544879 16.607581 16.438459 16.725127 16.480658 16.507602
16.421308 16.604024 16.403672 16.563612 16.568266 16.659315 16.52233 16.524098 16.610991 16.542447
16.31255 16.262812 16.412245 16.407981 16.659778 16.24221 16.338134 16.145131 16.365176 16.415885
16.154944 16.03391 16.085092 16.348042 16.30121 16.080212 16.197325 16.02602 16.090595 16.350282
16.037597 15.946861 15.978775 15.711188 15.935373 15.899885 15.939373 15.923805 15.694723 15.788913
15.637951 15.924572 15.897492 15.758241 15.647489 15.842545 15.824929 15.698823 15.684754 15.796142
15.422556 15.533518 15.291729 15.353149 15.56799 15.339444 15.468496 15.387301 15.770943 15.300359
15.776112 15.902539 15.890099 15.736492 15.758584 15.897258 15.827874 15.778605 15.796799 15.750471
