42.4023 42.39357 42.398464 42.456107 42.406799 42.390729 42.404387 42.414114 42.595565 42.393139
21.773592 21.910305 21.775026 21.77303 21.812769 21.777037 21.799168 21.780191 21.814958 21.769378
14.911011 14.943813 14.81498 14.880653 14.850367 14.868659 14.894143 14.935462 14.87797 14.792448
11.27471 11.60503 11.448371 11.332116 11.516221 12.089163 11.374618 11.397509 11.598516 11.919508
10.470222 9.722745 9.683161 9.745122 9.778897 9.637389 9.68135 9.717255 9.681823 9.691482
8.15259 8.264485 8.17501 8.186308 8.151863 8.208244 8.930626 8.297282 8.307616 8.155142
7.106337 7.121253 7.132254 7.079426 7.143039 7.122082 7.187787 7.139755 7.202417 7.13345
6.321918 6.309251 6.323702 6.312225 6.438243 6.296044 6.325038 6.315209 6.314897 6.313324
8.028927 8.059758 8.063488 8.087912 8.072416 7.987175 7.980686 8.019333 8.049407 8.011805
7.56921 7.636984 7.571299 7.503382 7.589732 7.512327 7.585407 7.518755 7.524665 7.591258
6.996229 7.062733 6.970324 7.016386 7.000064 7.004513 7.07668 7.119696 6.981852 6.999918
6.465515 6.461503 6.499752 6.653178 6.471015 6.476901 6.560178 6.471905 6.484745 6.548891
6.118319 6.110539 6.153078 6.208395 6.107903 6.133638 6.116357 6.114059 6.207966 6.108467
5.748025 5.752788 5.732845 5.743779 5.93588 5.794459 5.725077 5.726443 5.748692 5.745707
5.470589 5.469358 5.425983 5.542642 5.408391 5.528369 5.553226 5.417577 5.520376 5.384818
5.347248 5.115485 5.160045 5.140951 5.16882 5.164661 5.201294 5.117473 5.125831 5.160779
6.479995 6.48534 6.411058 6.409155 6.449956 6.425755 6.580177 6.45656 6.436612 6.405431
6.5258 6.556314 6.509779 6.615062 6.549321 6.534294 6.533138 6.532787 6.494102 6.450943
6.38989 6.460573 6.49594 6.304187 6.475178 6.484003 6.456656 6.400519 6.443279 6.356768
6.201941 6.223293 6.205527 6.211637 6.227588 6.218956 6.214279 6.243142 6.236926 6.225796
6.002244 5.994357 5.985118 5.978912 5.999431 6.013956 5.98935 5.966091 5.961906 6.01209
5.782112 5.793414 5.802534 5.914643 5.775498 5.798882 5.767464 5.820644 5.798126 5.788247
5.619852 5.676287 5.631295 5.614366 5.684642 5.62326 5.65264 5.612488 5.654898 5.640971
5.519066 5.520777 5.501624 5.590922 5.549775 5.549336 5.454116 5.554269 5.495529 5.504445
5.76247 5.767844 5.820938 5.769314 5.782426 5.796176 5.777002 5.808841 5.793151 5.844068
